00000000101000000000000010010011
00000001010000000000000100010011
11111111101100000000000110010011
11111111000000010000001000110111
11110000000000100000001000010011
00000000111111110000001010110111
00001111111100101000001010010011
00000000000000000000001100010011
00000000000100000000001110010011
11111111111100000000010000010011
00000000011000000000010001100011
00001110110000000000000001101111
00000000001000001000010010110011
01000000000100010000010100110011
11111111110100001000010110010011
00000000001000001001010001100011
00001101100000000000000001101111
00000000010100100111011000110011
00000000010100100110011010110011
00000000010100100100011100110011
01100000111100100111011110010011
01110000111100101110100000010011
00101111111100100100100010010011
00000000001000011100010001100011
00001011100000000000000001101111
00000000001000011010100100110011
00000000001000011011100110110011
11111111111100011010101000010011
11111111111100011011101010010011
00000000001100010101010001100011
00001010000000000000000001101111
00001111000000000000101100010011
00000000011110110001101110110011
00000000011110110101110000110011
01000000011100011101110010110011
00000000001010110001110100010011
00000000001010110101110110010011
01000000001000011101111000010011
00000000001100001110010001100011
00000111110000000000000001101111
00010010001101000101111010110111
00000000000000000001111100010111
00000000011000010111010001100011
00000110110000000000000001101111
00000000100000000000111111101111
00000000000000000000000000010011
00000000110000000000001011101111
00000010000100001000000001100011
00000101100000000000000001101111
00000000011110110101110000110011
01000000011100011101110010110011
00000000001010110001110100010011
00000000001010110101110110010011
01000000001000011101111000010011
00000000000000101000001101100111
00000000010000000000010100010011
00010001001000110000000010110111
11101111111000001000000010010011
00000000000101010010000000100011
00000000000101010001001000100011
00000000000101010000001100100011
00010001001000100011011000110111
00110100010001100000011000010011
00000000110001010010010000100011
00000000000001010010010110000011
00000000010001010001011100000011
00000000010001010101011110000011
00000000011001010000100000000011
00000000011001010100100010000011
00000000100001010010011010000011
00000000000100000000000010010011
00000000001000000000000100010011
00000000001000001000111001100011
00000000000100001001110001100011
00000000000100010100101001100011
00000000001000001101100001100011
00000000000100010110011001100011
00000000001000001111010001100011
